11
409
13
1187
939
1842
326
6
3541
963
3784
294
512
650
6185
517
2372
662
288
1788
6866
1729
9333
7774
8303
306
1709
3958
4914
7888
264
12815
645
11615
5397
3845
28349
68
1346
265
7439
13700
2925
285
8747
30669
21572
23769
4458
71
642
27032
404
511
70051
14789
20061
28457
14508
61308
5519
26652
3761
65374
259
38623
2010
3956
13247
16890
2645
5908
324
2784
31018
922
85
2778
4438
4942
9753
9870
13527
4929
9281
22052
274
15195
355
2304
43667
15537
261
1003
10394
13763
75580
7976
37800
72
424
13029
1723
325
11981
24666
7906
1167
3815
10047
21208
3723
43251
681
6712
444
1134
362
1114
1574
446
8346
416
37369
331
2200
1528
30009
8470
258
2111
6368
2984
6993
552
77
269
591
356
1783
29417
17098
61363
84
822
10302
20431
554
137614
23711
75
41245
1038
3405
64172
55211
296
804
11891
31284
6653
59846
19667
54524
141096
3980
3594
474
2660
43518
361
220
35993
834
26970
2477
141307
3131
50813
471
22911
84622
2382
1064
70586
45677
1299
333
1945
16587
39180
263
1967
89346
26046
51862
16559
76
53309
272
1315
51052
1487
22601
18940
7543
408
275
98088
1319
3178
41525
339
42053
96978
4755
68025
4814
700
50073
96152
283
5368
41487
308
23639
98125
1581
367
27363
33180
22396
60412
1822
1129
26451
4270
6351
7923
550
12018
321
16776
290
10272
1757
80086
24
7674
17276
946
16
12559
4776
45606
273
13556
40256
622
139536
85296
2064
6888
82
877
351
46271
2380
13916
270
63341
266
304
2270
1609
668
17231
12059
76480
2098
34833
773
12068
18503
76724
8138
17321
78251
11129
26486
15477
1268
1199
29937
75925
27055
3020
71501
96483
13815
295
45308
5822
4911
18857
2799
14370
301
910
45738
86682
348
3831
389
43
34781
8835
1882
2838
66
65162
47776
7830
1185
1343
33401
59542
1735
1585
1862
4069
22665
976
281
44065
2536
2425
21835
480
19893
632
6355
7394
3625
12058
6032
268
45581
32803
65
96395
95739
15522
11680
960
4788
24137
17191
10535
56010
46189
724
548
10049
76454
3334
21
1160
2024
24267
1007
17544
72411
3861
73123
81
63729
18708
759
13968
3930
954
5011
43086
12736
817
20007
41463
901
141067
3591
811
18863
482
1463
3483
1489
1415
13186
30707
18256
67805
21399
908
11840
56605
64
376
8509
58057
12769
48926
7735
46999
3435
58010
43945
21880
30814
11998
40801
16838
24154
526
318
26293
5672
3579
2266
42889
15510
8669
140786
43727
72368
580
56028
69827
4813
56186
23965
19659
16513
58404
6192
4873
47439
1947
97179
37582
390
1356
1174
1137
1615
7286
29203
1197
87153
48355
4694
15
26590
8671
69
11058
8688
1803
1330
76363
1029
13854
6097
33822
6427
63491
77936
4000
95935
30255
793
52049
3952
12142
12293
15083
14827
30578
75643
78980
29959
3431
96858
25503
5498
330
37547
287
592
1079
665
50525
380
80598
57491
88569
88
42898
8528
81520
4481
62746
1257
71602
10157
21750
78638
1342
3352
3193
66681
413
14788
3060
458
17950
51627
21113
1875
1352
53861
1697
898
22240
80686
460
53567
15398
65028
7406
94872
18368
30418
64281
949
320
23318
51324
1645
63872
16647
48506
478
2863
7947
60144
25184
34185
63274
59597
2142
52908
1713
2922
14436
1051
67126
7556
4059
983
3658
453
1086
4595
2015
19
476
1320
509
76560
67766
64107
1829
312
5944
941
1976
27959
763
39707
986
3376
1659
798
38374
34434
58325
57300
90578
25552
31492
465
35206
8828
45106
12536
60380
435
30906
13057
3874
2950
65067
542
87028
483
51135
45580
712
649
1037
74007
536
11425
136868
39092
20512
4151
8294
66782
29845
14762
50988
44532
74704
2081
32570
82291
4097
18744
457
135725
75508
3933
97552
1568
37217
10919
29770
94134
466
142341
96396
1194
8801
2338
684
4215
8038
4300
2819
34497
6811
82408
3664
1306
53103
5327
386
92672
292
29892
1459
883
1413
7733
74731
7066
451
41490
20
50754
98468
33461
46829
5436
913
98917
36191
64732
50353
82435
2165
62822
11677
45202
82686
73182
135779
71831
43703
7886
88614
52201
12123
35152
80145
21241
5421
299
2433
8357
31913
80879
7182
12
625
8641
10831
28099
61840
84698
539
42279
12538
4285
87311
1621
74210
775
14093
58920
64738
276
1992
6817
1603
3354
902
1368
38779
70442
99146
66000
1582
1515
1724
67876
3740
13912
27136
8621
1841
328
349
82497
60058
3154
4403
293
33930
521
45698
15610
64914
3083
2706
42565
6445
4200
8437
9080
38995
1958
28146
1054
2971
19529
49410
34229
15854
3313
3654
930
1886
30439
135414
98072
30448
343
4011
42646
70833
1272
332
10032
70
2122
10173
24397
136971
3119
7924
17567
50944
462
70169
3214
578
1461
20416
19404
9971
1047
54644
484
35427
92725
6990
16836
63834
8
6168
71584
12477
41675
28882
25364
15555
8913
5165
43353
15217
86860
9574
42578
6481
305
136577
1707
810
16070
130435
450
45052
3289
45745
18799
74360
22216
60028
396
36522
360
40967
82877
1675
359
78784
6662
21065
18920
38699
20115
13674
12687
2172
46568
2245
678
2123
27199
58371
733
48486
4534
23850
80582
956
65422
277
6357
6013
81553
93427
696
4909
4981
34106
38455
19694
631
644
47477
12019
3524
14740
2388
5082
10965
6027
1293
38410
89866
489
3004
1200
58048
42306
55654
1
395
86710
67762
58207
8371
1816
58876
67967
28153
16617
315
91115
20410
11687
9588
16694
12161
1087
379
82146
1071
139819
74232
52967
4517
15261
19349
906
2260
36991
17774
1371
6136
29614
7398
4580
5919
56593
2243
4878
49748
83468
76535
13720
25069
26536
5812
95972
344
49055
38882
18212
26735
65501
307
16657
92281
52719
135862
41363
44475
500
27339
1247
13885
4094
138295
132808
805
45040
7151
88953
34473
73572
434
7553
80839
364
23092
17
78541
143377
1301
87717
549
16541
11482
3819
26378
2335
1560
78
72073
18409
2547
45551
3843
4360
3078
7465
7814
5472
26365
3089
855
479
31089
82087
777
17220
5686
278
51
44493
45006
45584
847
5284
142681
80521
9586
51885
14310
49958
142682
83
20847
3046
24512
2429
11825
44540
25642
9529
23015
2518
3051
75541
73099
772
627
95542
7532
24675
27305
10938
85866
5276
45329
15659
1726
25136
76367
28035
141758
1168
2327
64635
85533
85495
84117
138828
85080
297
5852
2596
497
83128
2889
411
545
93399
37505
2840
1388
9101
90016
77322
1531
15588
5963
94817
79184
5136
422
36853
1198
36807
12063
17645
8622
3375
75307
84324
18
17328
3277
619
79
21718
4682
38783
95459
5983
19488
1179
742
25975
410
38873
2732
2342
68478
57573
544
1111
63923
23453
2497
25410
54420
137392
2195
648
32194
342
370
68075
1737
39848
20127
6095
3611
23504
139318
96469
1467
4030
2004
58582
24576
1117
64956
133349
21990
9041
70351
13026
4445
67968
42611
586
32788
96005
2560
2912
21765
81162
88037
48875
2229
937
52118
51274
2218
69980
2053
425
933
51795
83821
40418
56359
24604
8086
8267
6362
50354
91539
47559
36994
19365
13548
2825
16877
12871
87666
31582
5335
86613
7493
25631
13346
5855
87505
8766
53860
135719
749
26128
12788
3045
9431
7254
93621
1149
29079
21198
1440
10501
64996
17944
28255
41082
98444
62662
2471
3049
12111
75551
671
17835
3757
9873
2404
39651
369
11229
32050
20333
8260
14826
70137
1782
74787
16081
16470
2746
8003
132047
41038
1529
17991
2253
1902
83750
1133
134824
1411
35775
83789
6489
68052
1494
39870
52442
44945
2097
6130
51471
37731
9282
95208
74501
1640
7042
12303
59144
70257
1619
1982
42993
4912
19133
5859
38487
83688
14274
33686
60075
13566
27905
47126
469
399
60752
8168
2539
87923
3906
581
2268
1536
65767
5689
74976
71677
34748
34
63556
44341
529
66961
76517
15209
7355
15707
88127
59020
98028
27300
3756
1733
8862
51722
36466
77099
495
4730
79620
18701
34541
13517
6805
86870
2565
22
5170
3590
4188
5799
46283
21164
42719
16769
84334
2590
1422
10147
1520
21945
10651
69377
10908
26767
7491
55449
12612
887
43723
1113
68437
25312
13249
51660
2434
14336
55176
8343
131526
11605
14455
142566
26164
79363
11048
4065
50766
9857
37572
3493
559
454
141139
94429
25025
71983
18579
5342
584
19379
5956
18003
48052
13718
3642
7071
8388
82129
13820
56385
99098
89
132573
2914
4132
39960
79564
5796
316
12919
20108
10515
1161
452
3429
2062
19221
61722
329
55644
2953
485
5786
43306
7956
21243
12002
12396
44612
18894
14131
5148
709
45
44873
5068
51929
1077
8479
72003
21488
23869
83340
50987
76333
13098
2772
300
1389
4471
67055
45832
1599
3984
17137
48430
22874
468
3350
76053
31635
64727
46162
7193
46020
2203
9450
37350
15122
54077
26403
61523
140142
94440
461
2839
13342
79310
17329
16230
48101
83959
12304
1928
44502
11681
5396
126295
34506
2929
4179
98246
14083
20282
11809
19463
3527
12690
1963
502
874
537
8507
5199
4375
8952
1443
6010
54823
47118
141333
36823
4313
7922
28024
88710
25350
19093
10925
70085
9299
26964
20467
2521
6529
2156
49653
96920
943
79805
459
8755
37215
89714
94794
441
9882
62583
11984
96122
799
1311
60727
52921
5054
2572
4685
3444
4896
13365
12645
22969
64536
54655
350
752
26244
15169
15959
2635
6530
63879
127990
84715
86213
2301
19052
10219
96163
24798
140058
17818
23651
6609
80891
27997
24419
82070
85559
12422
5344
13013
141138
81560
7866
19769
86785
18638
97275
2297
24869
18941
141032
14609
16443
1056
385
81332
33055
3501
62927
17023
282
14907
86058
11288
3246
134449
778
5763
2543
92001
55562
597
1736
58544
32986
57295
85596
3106
1409
33412
96387
7100
477
141418
73599
30647
18072
19731
44640
66280
6591
8860
84082
59444
17038
140500
1950
42805
5547
19950
38829
11763
2939
1561
46738
56851
76707
1186
96639
3000
2493
54298
3380
9160
375
4627
57114
30242
136169
26148
74969
505
65417
1579
29288
14461
23204
48135
22540
15772
12650
96925
2667
19026
8011
2628
3301
3134
8394
35
137269
27574
423
84777
28483
38733
10406
47547
4638
56023
354
12351
17692
7802
18181
24623
14116
6055
13408
674
32820
2986
136547
16849
84014
32539
35688
19669
2717
34565
99143
3247
45641
65726
68306
56923
3530
134944
81225
137391
67155
5772
1629
3262
21252
57636
2804
45031
49490
67075
6749
5565
23675
2091
87948
64361
20792
2118
11122
9407
2352
19610
9677
50947
51650
60677
53286
40163
1835
7647
32946
3319
2780
4469
81402
76392
2823
391
6072
437
27714
9824
62634
6459
5591
3341
5106
683
11429
37049
4280
48172
77235
75965
21085
6694
2256
653
14776
1761
67536
133938
40575
302
844
13587
87668
97847
15407
347
29048
3233
9805
8510
1367
73106
685
70117
9904
32514
30532
142370
2886
5597
25968
42556
579
472
5234
28952
80423
16594
56563
41978
41121
68141
98381
53301
37348
6254
531
38743
823
82010
5240
19530
13847
74064
1655
72853
2782
1874
3072
60287
29123
28240
1230
6346
577
41254
56458
267
9635
43212
84829
7982
23594
4589
40440
74319
84241
21910
7272
3561
2154
4324
40839
4960
21797
38683
88071
89251
7170
82545
1323
6919
4982
1026
64870
14889
83889
86220
2994
1917
42572
516
568
2331
76580
6677
64990
42353
97295
358
8833
1063
533
3832
13300
2248
14364
9293
22488
2048
140513
9300
61147
21163
27787
848
8376
6535
34105
71830
8155
82245
4601
2730
2530
3487
3852
3885
39644
91645
74367
30396
8251
31907
96318
7106
74044
71497
11728
4053
3529
2600
10453
49793
15420
9983
76223
47801
2793
74557
68563
37446
25610
88432
15614
18227
97051
12460
17849
336
1159
21512
56509
2654
383
14389
130223
72776
28016
86225
2728
97046
3748
4643
433
39221
5198
11335
77548
3196
75090
27345
33885
16893
28411
309
21944
89176
4800
56184
55836
1015
77462
27073
97671
62569
95187
4110
1107
11372
69834
4020
3856
5525
9864
44217
680
4166
5662
53
337
57422
39445
42543
56275
9042
10582
24806
2295
51811
141164
14132
3335
54052
34240
136383
9337
928
12982
57324
96348
49984
1013
10220
50099
10352
6447
13256
4647
8173
1263
29706
2205
83093
6369
12767
10246
36508
90778
76960
541
7614
30137
76587
9682
826
9283
661
1136
11665
69075
2133
82964
12958
4759
12743
25989
32442
83657
3091
9773
22730
36439
25528
36426
8424
57624
8408
76984
23063
36394
17099
97184
71729
14350
357
26370
12278
1358
73860
35654
74549
5670
6675
973
87487
5482
23
11459
4494
87678
21780
8579
3001
4808
3373
80135
11918
16822
12066
33322
89350
839
40694
83273
16076
77710
83133
2576
22750
90627
1641
1960
6534
2989
796
130055
9662
138938
4317
9690
7006
676
4998
59028
43161
43160
4075
13943
11240
15252
6544
32349
38281
4683
51174
11567
55645
55635
1543
1571
5091
139593
831
2983
51038
24149
50204
4160
8698
1242
432
28479
3113
47134
2847
6773
74702
128505
3163
61495
443
88702
94820
18037
135315
55455
406
4570
31353
6605
81191
20285
7880
89232
5250
1395
50196
1362
23558
87386
73904
388
2544
10846
35964
42665
10014
40545
11719
94497
47388
993
22334
966
55884
19258
782
59124
53643
8768
1448
39026
64285
25545
24438
13758
59304
142429
8309
762
1062
33019
9343
77857
26
90229
530
2758
21276
17581
17040
61017
88676
49401
85771
142993
34977
6586
139041
81305
137123
9015
43816
24905
88996
3614
92347
2353
613
15637
19786
22925
141007
25852
5639
732
8489
17795
25508
32532
1633
9136
9057
68798
66528
4450
64120
29772
36523
12882
45856
23029
51952
73675
78888
58294
2150
2343
45038
13539
1732
54041
54568
36366
80441
35790
5120
62384
141035
15313
15336
46428
16992
64595
131275
3448
1824
37184
48248
9142
4316
5495
547
89759
32154
74932
89409
63455
564
1375
5481
596
57512
6280
76311
812
7664
1924
53049
13089
17133
37738
5623
39897
9048
133078
403
12761
10775
40819
7085
5059
59947
75676
2385
84675
21277
3821
1217
978
11221
1952
15460
141449
3647
143376
4659
88075
74017
33944
5556
4507
8462
15491
14128
14601
33865
78065
39141
67395
42673
9525
346
6012
2640
16579
60807
1508
90555
48863
16618
58914
43729
10646
20624
81412
6371
11179
55216
88305
67125
19179
29470
1024
7557
33823
30027
53072
5372
31638
9241
35644
73556
24610
53106
46610
94859
5297
8486
6816
9669
60524
7459
4581
12305
2009
10902
2371
22394
56467
7276
5185
4893
24245
139341
41727
14560
36291
6832
63204
51972
11485
1216
138157
43426
39356
19478
78523
5509
11876
14348
75731
701
92124
13772
64831
24744
83664
1776
3902
20590
48642
9135
64180
26537
767
40016
4193
18770
3605
27700
7327
10526
3346
59437
50427
3924
1717
2884
86786
12893
40059
83454
75266
15892
49759
1021
10523
7216
3204
32135
86926
143387
32382
76096
52890
45424
48734
34356
9756
54049
4853
11110
21881
19805
9413
11832
1345
140057
8540
57517
27491
7479
3977
24524
19959
2587
73872
82159
52277
583
3242
86989
68231
12543
3438
74518
82095
92507
1524
54355
16973
2789
10262
25879
30976
40769
51479
1826
50551
4256
12875
60905
44
25510
82948
35135
7364
38816
69700
2554
17117
24999
74878
21878
15120
70825
7370
85349
22239
11492
4760
50207
932
33827
20321
33758
4564
28480
10502
59059
3096
9443
34915
33
84360
9844
68633
610
1466
12027
21609
24004
88769
2216
44269
6375
55520
84049
373
58758
82067
48706
67429
22990
757
38830
19685
17095
2121
20536
45352
45010
78407
59072
30682
77982
7448
41914
35107
6088
66919
67910
63184
1353
6063
37
138681
57330
20762
22823
1331
13333
21207
57962
8493
27760
9170
1863
28193
29381
23113
62246
4812
34865
22764
93220
36292
652
37693
132971
1020
1763
11055
53506
34411
94094
38524
44943
2694
73433
83651
17646
5517
85609
16675
1587
5562
2168
5416
1303
5862
45282
2095
27317
11076
46094
11695
40564
714
62728
10665
11944
55712
45041
7256
2930
12962
27690
9472
5325
8367
140423
8092
41744
6757
19660
94573
68228
1887
2790
39251
59668
33919
87584
56891
17500
958
527
26814
6308
91768
19038
87165
12343
52970
89980
7299
29196
68525
13027
7304
47354
21333
32437
11422
32507
69456
6283
10677
8971
21947
12435
82284
74771
11150
48176
6995
18241
54519
22648
8099
7878
8374
436
3455
74410
73776
1700
68472
80237
7250
562
15247
38043
8474
8310
8631
43806
18128
1613
64185
23785
1943
28688
64917
402
11108
32724
40099
45125
96954
62834
97772
1848
30612
13210
635
30987
76565
4549
20210
13851
2504
58358
27385
57369
81033
41814
90540
8212
2345
5046
14528
34362
9965
66139
25801
53513
60234
81611
143704
4704
49368
2615
29100
9981
97894
43078
46248
12322
49910
10709
1646
13459
7751
142754
3632
2885
2713
5411
50555
87718
12242
39266
86164
61339
5211
65060
72532
2210
768
886
82810
4993
23722
59438
11845
62397
15963
142620
129532
71600
3463
2309
11937
57804
12762
23819
5098
15632
135212
35998
139390
59616
3766
41421
39275
65081
5699
40740
31016
30555
20668
16552
23689
22218
36996
25425
51742
72561
2777
38371
9433
12872
26161
47868
10761
13206
86840
17562
24901
3404
493
50
57087
87561
7615
43439
141759
2178
12558
11742
52567
5000
77960
51213
45021
43022
21267
439
4541
42987
23523
10772
72798
128294
6385
9034
55671
20031
17054
6437
3853
25239
55345
7780
93436
5930
2456
4016
80894
91659
48204
2220
81195
2900
65801
128937
67613
5147
63958
21755
5132
13404
9544
28323
23870
80419
4054
6061
1488
33085
76832
27013
2036
3314
1626
20372
55588
60300
5467
19699
3210
83397
97133
2213
92520
16101
3630
70651
962
3231
14666
38931
140422
75254
18052
16688
81370
28021
35192
52310
16772
11767
65128
13243
66716
2697
26374
13157
835
31247
327
518
77656
98325
2786
135387
38226
2112
73265
9908
5584
37783
3999
84577
1685
90458
47753
17773
2682
4003
6842
77029
1961
3272
62816
11848
63190
72168
6386
2420
74650
55486
3040
8477
31773
34928
63656
60410
2197
29853
13309
4260
911
10353
524
27480
16122
30505
89738
4670
17698
55938
32904
54
7185
26184
8848
64153
3690
3738
54986
137596
50466
1913
28611
3473
68160
15525
21424
99096
8464
8455
2406
7455
1716
27577
538
35797
371
9124
11164
6291
140613
97633
6234
57697
54033
44989
46291
65183
1070
16929
45400
21187
74894
88390
61193
90212
130577
22067
43485
567
5892
3598
45774
603
55221
3644
1044
3795
6500
8666
6722
5006
24715
80940
12647
135750
84706
64098
18485
37716
995
27960
5538
6973
2356
10458
83311
93843
28805
29157
6785
35005
3026
31050
40276
33592
44082
38865
26915
72523
17513
27431
560
77532
10330
8987
133472
93472
1203
8933
25941
35570
10519
998
7140
3460
80513
23262
27030
15706
889
44507
546
6255
19688
30169
1818
20071
21429
15369
4330
47570
2038
41679
54581
7725
19124
393
14926
12255
8286
32586
61452
9643
44760
76503
20436
2676
38139
1238
12595
26193
35631
37546
1310
3209
21440
8767
20961
75601
6051
3449
10242
11705
30160
20496
15498
27799
62263
16426
61063
142779
3566
37035
827
415
66707
9327
97204
51736
2988
35562
45947
59752
10391
3179
2401
71723
12179
44068
26820
63847
3338
44764
7653
1652
98153
52020
5279
88681
32217
15908
139320
8869
12610
18050
10127
26450
41576
42638
2969
32658
64549
47106
1503
1101
86526
95863
128434
5313
6619
7136
20619
30305
43515
17855
27131
3859
9584
8875
97653
37747
139349
4076
5508
566
73093
17823
25793
140201
6783
8728
53956
67
5271
21395
77252
18776
78145
859
23535
47316
82872
15649
20826
21855
20095
34557
26308
55494
38503
77783
8954
51966
57278
2143
872
48155
77067
77411
98795
858
83495
11109
33372
44708
4024
590
37915
47203
10951
13808
20339
7865
70481
1329
4598
21264
42424
47264
12355
62932
50123
63535
16198
1351
9210
61045
42170
4905
5769
8938
5206
2162
27665
13794
89633
6592
4741
30032
76322
44443
7523
11042
44247
56134
2479
75550
11202
3619
48564
33354
26552
11470
12261
11438
34447
42206
11774
39995
20347
25121
13229
9705
2853
52410
73350
30971
2736
18527
11137
64085
92469
4225
134827
8894
25407
927
4511
57728
1590
99037
65712
35707
5701
58919
8116
10028
63172
5652
59375
84838
10555
6786
2119
18560
11647
30780
75488
8873
1481
9090
43297
1728
24514
23570
5251
97708
58457
18462
10862
13810
9349
26897
92966
18840
43421
10138
31577
2416
7755
3378
774
1796
467
7473
54405
18582
8943
91792
21312
10251
26745
2542
5182
16489
1937
657
31099
6549
48475
75713
5977
1754
12366
15330
924
68010
3638
8717
4427
837
53579
21094
9411
16254
2475
4148
2991
19777
43214
20576
449
56636
2846
66663
35669
1624
137759
20780
802
21533
34329
27951
5779
39474
26789
49992
46921
5841
4105
52297
38768
24336
1630
32677
8531
3092
12264
26541
79124
1084
31140
19137
2369
821
23393
22739
76676
21868
2855
1965
7215
31919
31749
14503
2086
80409
1808
6532
91882
3208
41402
6104
73206
4797
138180
16182
35469
20697
48464
23602
61119
7698
18687
10659
1693
34527
77451
68496
50344
5741
140322
98452
558
33467
6454
25395
6493
36094
51775
62883
26557
21679
30556
54877
30300
1471
3406
98963
438
90242
21162
92437
11959
36977
53250
32754
4079
20201
494
53777
76538
9696
69125
27287
36298
5831
89172
83195
52594
407
96586
18415
91847
77367
62997
73672
21892
7413
72983
24376
74542
7654
56460
10664
16989
58953
26262
66399
36300
15567
11182
6899
63682
1516
1702
6026
74004
2453
45333
58151
53717
73137
9709
42017
11291
9892
17029
69229
60552
46379
3128
13588
93673
45953
46915
67230
142943
5061
135976
9222
22036
11624
38424
9434
90942
97377
97039
9243
37394
56628
96162
2943
83771
7032
13488
1990
21930
4622
37865
14295
45035
34637
9819
10031
4223
3828
39991
48586
73134
85706
24663
46462
6880
10358
48261
2410
28804
45330
21943
21470
9479
19265
2047
17291
43611
2693
7683
80887
96779
16480
9240
63247
88983
85274
66121
59851
47271
33234
21158
30447
88177
12756
86825
17796
352
38804
26995
5191
61898
38850
3927
2725
140673
47808
3127
11975
18859
3362
17017
89451
89094
137883
51209
14133
14141
10100
54849
1530
25519
40412
45690
23875
98798
81013
29447
50694
25357
141595
21042
11007
2302
83511
4480
4019
26507
431
4754
6451
7029
141804
987
61727
6383
29039
6016
3581
26331
143008
6376
1417
50436
55388
11554
1663
38954
48675
20753
4771
2007
35752
63856
56609
45132
63922
4264
794
128213
87888
61297
73233
21185
23864
4531
26908
17145
84603
76182
14554
12956
1163
25812
50330
68414
52710
926
1815
12616
39034
56525
42685
72799
133272
84405
78096
20011
7437
22324
10854
95182
20889
44344
35609
27988
34390
18721
3921
98162
33506
75135
98646
25298
6215
17821
15909
6238
673
32055
65204
3372
39535
90590
13573
30915
7578
47278
6222
25417
11037
13111
58274
3303
52390
30830
37055
48201
85092
35309
11211
9085
48270
39752
22615
85409
29119
19274
55680
76277
5016
131315
5137
66447
3955
32515
15368
88404
1847
47319
41545
76338
3077
19608
97205
2074
61791
604
78785
77671
51351
16212
13828
1577
32551
1620
1501
2017
91577
4733
47410
3275
10611
73848
32
44615
39661
5690
27558
90082
501
7800
1674
41638
22986
69438
9302
7781
5419
4714
18909
142441
77276
7231
32371
97285
38649
56538
19102
2770
15662
6236
18677
15590
83264
21501
9539
92324
753
534
9889
29954
37715
11001
14794
36952
4611
25709
29642
91880
5222
628
75143
9481
6384
10819
77237
5650
4566
11111
4396
60701
45248
5599
4122
2427
47702
88572
26061
22463
54283
143765
11652
29136
31747
28853
1225
25034
3041
61097
6664
81409
667
70268
49301
2962
7519
22233
86159
9642
523
90732
1028
29719
21813
8674
31006
72831
61164
13127
4144
13207
20038
6170
24865
45809
61181
7978
41156
95671
9570
6860
10591
16869
65859
14126
35863
16622
141450
28731
97444
27879
29385
11766
24055
13455
23646
10606
3765
88107
4344
15067
1909
1985
4447
5233
6844
89983
33353
24880
12205
6232
12289
3348
33814
38632
8239
615
1387
3028
57993
13623
42461
8978
4265
27778
24484
28141
13530
13779
13055
3069
601
46004
64759
718
8198
141608
16124
96164
68677
16905
10326
48872
20775
5208
372
80595
16538
3749
73709
3263
4182
9861
132189
3890
40446
9924
37869
40080
26883
18622
39967
16669
16330
85801
9261
37061
49031
8887
96298
49979
66351
39438
1513
47309
74111
20684
69274
11906
47009
18195
74552
48633
64251
5600
58397
44789
56046
1643
1762
23583
53821
10434
74344
1420
16699
11997
18618
53390
43801
9145
19698
3683
61544
25986
3468
5115
29754
13049
26511
63060
4408
2375
65332
14435
12816
9593
77954
32110
43879
43964
70210
93030
4505
2629
53654
7377
14937
43205
38357
13923
694
66761
46176
36274
4734
6008
45394
87000
30730
17493
77971
66865
22922
28091
16660
46591
4634
19303
12541
16624
15212
93808
68053
92678
91522
38261
23120
2166
33295
9202
83043
3427
7671
6181
64921
1873
95486
46769
74338
1081
43369
455
21669
12858
34840
53295
6036
6649
1705
93516
90920
5470
73
23953
20239
10180
15304
25398
36719
41949
94003
71688
58858
133850
75974
32104
135316
74189
18915
81660
59149
31661
138186
44161
912
21439
86792
72134
68397
42602
11784
20771
72254
6128
3660
89194
5725
141910
74873
12763
15790
10573
7946
49650
3255
64816
63386
5075
6685
5103
75205
45903
80236
3779
18613
12672
12432
1995
131875
67669
34074
90706
25437
69620
92492
2852
4212
76458
9417
44885
14383
15207
13750
50529
13660
11208
57451
4568
25222
27564
82515
143829
8511
89926
2473
66970
3497
22627
51348
5520
133861
9745
3969
78684
42923
44025
12601
139280
8229
82164
82158
84932
29708
8927
8353
607
62979
2411
37820
68279
12910
38819
24199
4561
11285
45369
28420
86551
20655
98918
8125
4008
96702
59530
63216
5651
70795
32856
30640
6216
35182
8722
47968
22395
4530
5524
79998
69140
8832
38792
9106
75120
1451
82618
41753
22691
31323
2740
23091
1894
23316
18565
18433
31950
7332
44996
6091
8159
54011
17472
2481
12821
64296
92673
28365
10485
136491
30319
133889
2101
4044
1308
94380
9652
1000
143359
11452
6716
6810
8923
21340
58262
24151
5750
47990
80234
36115
95839
9275
39
25339
12325
56791
18619
71076
10167
1065
141521
18034
30158
6984
481
67192
29925
25684
17893
55318
56212
67459
74776
65636
2779
24275
3511
1684
27190
47807
17377
4284
33431
54811
70032
10383
77729
29367
392
9435
14881
3158
12050
53027
904
44441
34383
31465
5612
89718
11041
1885
26247
99062
9848
38546
4475
18237
61604
16741
12441
7179
50872
62598
57673
1404
5426
18832
1975
43441
79679
37420
24685
83632
29432
51727
8871
16934
94880
1912
92386
27130
49003
2872
90803
82564
38438
60
4719
1442
84739
35579
11968
36341
81967
73431
16144
26655
15546
50990
21886
140927
7101
28917
29301
9073
16282
3292
34941
81728
72894
5205
81034
32415
79344
1392
29152
10378
5437
18419
32976
18299
18982
81389
5778
6271
64848
95388
17585
64979
66451
15333
13320
30517
17979
128613
40489
26241
94860
44225
6846
34382
40884
33932
16739
2319
93605
24774
97571
1175
133607
25811
98494
143979
8858
98240
46980
19409
4426
90299
73656
41789
4743
1152
21830
97641
61221
4616
39296
47928
3461
38328
85763
98262
18542
1932
1276
14334
12589
64306
4195
28131
22073
957
9671
13120
1777
18318
7861
8028
32383
72879
4544
21856
11038
1484
26452
7192
3201
66583
706
508
45839
45440
32913
23685
18607
140134
16407
5139
44958
417
56188
30226
15377
44353
59632
6704
21690
82732
16576
2926
64832
2696
60040
28050
10250
141423
6304
77584
34041
66392
37791
49253
4152
19001
53361
45498
10496
66145
74963
47813
53185
93748
398
11341
28619
77605
3621
35401
4720
37522
11218
83299
96952
71987
8328
33110
6105
4428
10524
46581
58221
95179
131157
2649
71996
13128
7157
8625
26658
6298
75285
11769
12295
6286
53395
66373
2340
42014
10431
15574
29398
68161
22072
64726
84843
7545
3394
5863
87186
30
64047
13481
19840
82181
6568
3433
3751
12080
45656
34306
13761
1318
11423
12611
10566
62754
54062
22455
136072
37939
4693
14479
24129
28037
35276
4274
67138
64690
3459
8859
47
93796
58336
7432
139240
3452
71414
3191
61903
20827
12248
10258
8415
5504
37111
34258
2082
24716
33946
75726
1704
142130
64234
82981
25288
79657
27687
30335
9630
28575
65202
54080
2292
44113
86838
14184
96315
13420
90553
31270
43081
13733
17116
4078
9995
143108
7789
74
2744
41029
58815
87468
97124
4715
17030
26765
8397
51701
87323
23918
10035
96904
74583
24171
850
8569
6252
82357
5932
5323
62950
26425
9213
10156
11159
16192
91842
79797
40472
3308
76728
40448
83215
59114
43091
84304
143899
86181
14057
4400
3936
3457
70160
45504
15888
12296
20876
93963
791
30667
19174
27436
91902
10552
6070
7087
49215
40637
3994
13101
70532
32327
5403
68368
14602
67065
72465
25112
15403
60600
35195
80259
28640
708
17115
20607
53287
5693
47495
63767
13020
6975
5041
62919
18161
48795
10396
44309
21615
4991
15953
85352
11351
16599
9809
13052
20868
3554
65909
5306
2412
89768
28433
66654
587
77771
4664
62840
1390
1338
25798
85223
54886
6480
6595
65694
10298
72743
40015
84350
18991
27599
6160
3582
56251
34962
1273
93729
67862
3300
93311
33918
10267
73366
2396
37866
2145
3662
18965
1123
11473
23166
81708
1839
940
59127
42612
29484
3516
131742
3160
6918
58488
75320
60997
44118
21898
84093
27179
38355
21555
141361
3389
80256
32207
23546
21240
20199
2589
1118
11064
68383
1458
63563
1901
40033
13267
26527
1040
60065
4867
48141
14898
28558
6005
36841
29886
23827
139807
96376
80030
16545
77216
72503
97853
2113
14644
17071
79159
9286
22702
79673
65265
3254
23935
19482
12139
40280
23066
1425
91707
85000
52432
4706
18968
18975
57032
7745
22638
1325
16347
1701
66084
27193
31347
17204
23992
26811
8257
61465
15074
44250
5774
14121
42016
23400
19455
36897
21331
1786
66622
81485
4550
56279
53263
11476
56897
76665
13891
14918
21748
11797
25531
48555
7544
98748
65411
84527
37605
17990
9835
1813
33781
5543
72433
7759
25883
43130
2276
5083
20559
2593
13280
96201
20278
25849
21066
49398
62891
13788
2643
1907
3866
8847
85193
26762
12055
88695
9065
50036
71805
1532
4261
11672
130312
24660
51382
815
65151
284
1883
2877
593
608
1001
4640
90996
60403
12675
1059
15007
43492
64149
46929
19629
43919
28163
33578
9418
42585
12617
1637
32187
73826
9012
35581
14604
713
139301
8123
16658
39873
37041
47368
1627
6908
11548
11424
1127
49967
71786
5042
27950
27897
75204
131327
39593
40316
776
39468
42463
17685
54102
48329
12005
3571
96575
38
5771
30452
1082
56211
45635
24403
25927
44355
19842
1775
595
74279
4645
38556
23745
30890
34181
72771
48821
72179
4686
44417
704
8245
21745
10314
87549
54957
87477
60607
27979
27172
6164
16914
66182
41341
5428
5676
59721
88011
2890
41
81997
7089
2577
35101
35155
70970
4463
2956
85567
36749
21234
37661
85245
5469
6546
39042
93477
92317
89308
28929
89225
141360
17888
8446
3842
94099
50643
23469
63943
136418
35022
69256
4439
40998
45840
22311
15669
21508
17930
12626
3258
46385
141522
23150
39450
384
54681
88546
21495
24190
5605
46598
3603
57058
63390
19762
71639
1220
28012
2391
14510
60328
71953
62271
4970
142133
40464
58267
2856
15421
24456
8056
20341
68069
42100
5465
84524
43893
35443
17917
41659
641
867
94643
24640
36176
10580
17820
59187
4002
85477
3116
62892
9778
646
5922
34111
40060
81395
2408
54881
16963
25647
28782
51894
382
9765
25658
32965
6792
18329
25066
48084
97088
33347
5248
2444
8031
44011
4747
23739
15160
2463
9087
29590
11343
52303
29609
17606
6743
8649
28249
12695
27505
88934
58502
33052
6241
24024
3657
19028
30947
48025
62028
49642
1546
54263
11900
27135
34755
57093
67984
61473
88135
19839
67903
4563
3399
2828
2393
26323
8608
22231
38061
5989
94610
11588
33288
43832
13173
20802
56232
38288
139302
35915
44434
2714
6496
23925
1228
69805
56307
91201
46
8587
2400
1018
1853
33952
15704
77448
55441
7329
19325
69110
46941
3953
48535
92451
32230
16490
78055
12557
702
54752
2715
30144
9942
44544
2861
14475
6721
3525
2361
40508
15715
647
18994
14232
6915
30079
60392
36501
98209
26023
23694
33897
55269
88790
573
46490
88329
85832
138807
64748
70599
25659
74459
557
70556
68256
71617
87751
2263
29567
18279
93032
12844
75032
7882
20959
36764
96254
53996
26905
2681
5994
18522
53148
9368
43080
94454
42573
11841
9218
25887
1618
53867
64583
6295
9591
38030
47899
18726
47504
27508
14932
43530
16037
140016
57168
29821
27605
56715
76712
32663
58028
1072
49
1806
37710
2876
10218
15690
29521
11031
34847
48731
6113
28082
21513
8172
23344
31986
6670
45464
5285
3081
1656
34035
37718
9491
15755
55300
11549
34750
143448
28531
28572
17063
22257
34414
36042
8652
78735
971
19812
46444
4650
79516
4621
6612
33033
48053
83762
9403
19760
30141
83063
86335
85707
47788
19032
70146
53804
6562
40479
4662
44941
79833
41115
10650
4026
12493
16506
12331
1097
1031
67751
8250
1231
1845
4243
21511
10300
7803
4204
71194
5176
10238
49332
15089
77332
78769
76807
16792
45089
11915
45579
63171
6218
6867
15406
46990
1143
5385
66119
27594
3645
80925
4979
21561
33253
85280
7073
91365
16223
16401
21117
4514
4399
1614
8815
73307
14603
36035
36705
3760
21914
16534
15705
77123
57035
32688
23118
1690
88481
55027
14628
25105
15175
137612
14052
23937
33746
2027
10756
594
3358
66189
22221
10645
65592
56340
5873
23820
78280
35747
28649
14431
32364
24614
41137
42210
43281
14913
49121
64325
3408
29664
10125
26843
46516
75471
87035
35400
23129
4603
56780
23746
58788
67724
69312
78855
1080
76375
26431
82391
67609
4496
20162
96444
96824
9096
27419
50550
96671
24743
10435
39868
727
1307
86039
62019
9223
39441
44088
427
55347
55592
27041
79476
20249
16830
3248
94796
36317
83945
31041
27936
138522
34990
39116
11581
2739
11098
31431
64615
14655
7202
19246
75673
2935
5607
6417
30210
55655
25
83708
535
17345
40969
68528
24761
63701
55849
7255
34226
10521
12552
17360
20329
903
53588
16316
9926
30843
16251
73784
50691
63280
1189
86867
20105
303
31253
56974
48154
31973
73844
62859
51312
37427
87347
133890
1427
127229
60573
74070
57541
62807
24626
65839
93610
3387
19017
2606
17564
9497
16824
13906
3893
66355
17502
135016
9751
9701
41451
84466
41172
42569
62820
14859
86728
6334
59556
56633
975
27059
23191
78948
51950
6759
8461
51106
10810
89485
11008
58751
9974
47037
55090
73979
39204
14409
6275
37206
35349
17431
38004
9585
69212
28301
728
25151
25604
76623
24161
66375
2144
14011
1833
142434
24185
8730
62347
25579
21764
7431
28256
9937
49334
4
133775
20615
57382
16800
48284
52065
30563
9081
5131
4972
142919
68189
33923
68136
14396
311
13782
4676
75851
65680
6207
6276
1280
93503
41508
51663
61905
76718
97542
2464
7306
29155
2999
75972
22809
24016
52790
30161
15743
71571
11957
9625
57337
40189
91678
8966
3872
780
68613
8221
61623
83388
16774
45291
7795
139346
8368
47197
33938
824
85915
76261
12886
19657
1314
78871
79181
4654
6954
75971
13281
9375
14429
65334
82360
90418
5836
12879
76038
54367
90932
9242
36096
37134
81075
13068
7478
12095
769
49019
91074
64298
9224
39998
14749
31334
86917
52454
4744
60053
28586
65551
1151
49145
32338
53492
28863
13983
4699
36098
37727
49746
55647
82851
12010
11300
12804
63413
47777
1512
71670
54747
62429
51162
36900
3732
3835
73749
10143
48792
5628
91463
61352
870
1016
135893
1634
3145
85830
37016
447
78583
10715
1074
25683
31076
2280
11735
41372
83896
8819
31137
41435
17018
75350
89441
1595
17781
67143
19637
48804
87214
15751
83909
13569
59607
81126
27088
23438
17405
8831
27211
6983
75451
11366
7160
20009
13601
2483
141715
22894
73840
1884
19041
24294
8645
94986
65942
9603
1103
24165
53484
32111
75952
141346
20112
49997
40859
42286
8082
87550
77743
65717
30554
19940
54645
20783
420
7560
3959
24903
47353
58441
8664
49189
20903
23410
45986
66071
29405
22278
30118
2152
6835
4259
49319
39657
80779
96837
618
86680
22424
87934
10795
67925
2147
638
62299
1030
32903
14836
133846
14906
20949
32188
10207
16725
2800
33657
75045
34430
3031
73764
20968
51587
45315
14433
12793
10244
90509
11894
4108
19497
8957
24527
61143
34819
19315
19004
6406
54476
88357
64263
1109
24611
7393
52956
3834
30657
32201
68902
19196
8988
91242
20767
5604
2688
49991
12754
658
23357
2551
41417
2737
624
9134
24782
21791
9566
15597
1435
16481
21998
2250
44861
11192
47695
64830
52356
37056
30428
29443
73648
13294
24847
4109
21683
46535
1519
97623
24085
7292
15114
37637
68849
19756
10110
73152
11983
31724
69686
78315
24930
41104
75505
21499
54267
4388
22838
65649
87
143446
45802
89386
59434
41255
34439
1335
14754
51339
30559
73499
28
12887
29456
15732
47652
95549
12784
39706
26282
15051
45990
12785
16033
17122
92434
6862
50823
54118
45323
9503
23099
19856
18566
12994
91948
64735
70784
10451
53129
79627
23973
10137
1270
84436
80207
5034
5282
70906
3355
4605
35314
27289
98756
23686
11830
43125
3720
67261
92747
50460
4416
98036
15974
9587
11382
35770
20286
73821
59220
70236
39993
20465
4844
41099
130311
28308
5473
31243
60536
27591
18376
48138
70811
53212
19980
48519
48454
73717
25322
61915
98916
48789
4968
62193
26373
97869
14457
2832
87777
40533
938
41643
44413
24384
91540
5625
3306
38060
16072
7517
9236
739
41599
20476
83326
64208
32890
42600
48587
4915
6646
21223
62619
10446
7015
10204
60699
69306
44582
19846
30223
97345
1043
53616
39557
31162
4554
28079
18342
11346
15687
55848
77232
45735
8867
64966
14867
84267
28684
73750
26998
7999
5791
32849
91095
17847
29611
30951
43090
5679
66517
1205
87356
59512
39784
65930
35584
70901
38576
81581
27227
16133
39001
26011
39519
15779
19899
57597
87590
74397
28639
2325
24745
26264
12757
34911
81484
85853
94430
20632
13807
138216
11576
81037
3742
93023
49826
43348
82054
48428
24592
34222
23165
85584
3808
4577
52365
13638
29497
8149
8781
78787
14297
8665
38246
17314
19069
18883
63865
12897
53729
8684
12034
669
34259
838
80778
99030
10827
8372
16687
11524
40781
85237
2896
64513
9936
77939
9270
25039
38763
80139
22500
4711
33464
47467
34892
8813
4176
12320
88260
33584
15900
98886
53676
39234
95566
6871
9903
90657
25323
48362
2003
16049
8750
96617
73064
74149
87562
92931
50998
85640
25550
40376
13701
67120
63591
84235
34113
143886
94046
1396
90752
92201
43302
4524
88144
10152
26299
17588
21619
18162
3235
8055
67679
32850
71376
69871
9245
73160
71350
43506
8872
136348
44423
37256
21981
5616
4710
71060
7876
10285
623
29761
57770
20508
32836
58331
813
6850
43974
11855
4349
37556
24494
28627
86064
67041
22379
80401
1897
936
4582
41921
90455
34196
16417
13009
82267
18596
41626
63135
29294
23668
49156
12486
8182
12426
35647
74019
569
34625
18491
2745
1527
28704
73878
10927
1282
4663
9744
15957
10432
1807
48526
64422
19927
80284
506
2798
9798
95272
5456
72687
78991
46543
60955
18728
1787
69219
37214
39282
61283
24705
43003
39127
2160
54167
19965
64030
20128
42691
86351
98428
55468
59953
22740
36816
46628
10187
11761
98898
15220
13626
58288
9316
21132
57233
22193
41585
36195
20849
20515
43007
2571
43569
45565
25641
42488
27039
17217
66982
7357
7028
49607
90407
24202
42684
92158
98583
21372
49805
46719
14380
12412
31366
89268
33261
33840
3950
63594
20156
40151
25917
240
60361
25629
13737
91446
18741
69399
8922
78080
52811
5811
25251
15878
73697
31541
2892
16713
85854
1260
49846
15999
96592
3668
4809
22737
52706
51665
47429
24464
21049
78709
2907
44173
75734
14298
32189
21295
95589
5292
81679
16931
22249
32789
90883
61888
60086
31932
19344
19955
31559
73402
70403
92355
27021
5631
37201
6863
96256
70521
39046
37326
61656
66333
990
72932
73422
34422
132658
131514
3716
2201
3882
30861
35428
27187
10077
76264
68754
97743
5776
75850
56996
95088
31141
73910
59290
84746
2963
87147
96066
9680
377
89780
28143
17961
63468
8709
19634
10319
9726
2088
55706
31854
15968
14239
33203
78613
1313
18267
9465
28172
24490
15115
90780
3024
3894
30518
2674
27137
10455
82881
93806
96343
38787
5918
31148
63721
76449
3466
57039
17426
65096
88478
5127
374
22975
9772
16439
31695
1511
76954
1147
85897
14205
39013
8436
57171
40774
81000
46436
55164
97390
33825
7291
5692
8187
65504
34054
23760
2580
93387
40570
80460
36251
72981
26934
8891
2068
30857
77393
57333
36839
67353
27933
45653
96100
8683
29981
19936
12741
6514
1075
11540
56519
22993
602
76433
21305
23392
2283
18183
20909
5166
69940
23505
11440
5359
81901
3226
99066
9935
58669
38282
9459
10309
60275
15080
24309
56931
17902
28988
60477
38710
61433
54629
26944
61821
40560
88067
88916
41831
17184
46406
43464
26716
94356
20155
4837
75270
13762
1298
38038
4250
13452
4312
34503
20189
27390
19392
28707
53669
77196
37936
26240
67156
5658
40455
58470
93747
98710
21362
49418
8059
53703
19857
11655
25421
9429
67554
85036
69977
51189
27804
5116
13155
519
84239
33595
16528
29159
21002
45085
29469
8895
70263
12004
7714
35844
18095
70708
6209
17141
49689
44529
30115
1333
3337
22288
85812
92674
18087
28645
92874
69451
6244
84584
25892
53367
4651
85128
97889
20023
52399
5256
47163
21621
38921
29363
56082
69884
85471
17700
6162
14692
14747
82236
34667
6648
25216
15578
34791
18592
46925
41433
36859
19319
40
65253
26112
98681
65390
13725
22156
51586
4398
71985
8043
46114
24243
9813
10993
45182
74938
15383
29204
96407
52760
19419
8551
28860
56892
53410
6828
16001
9595
5087
50565
23250
7785
9720
19313
75607
2689
43129
43445
41722
18136
5526
14158
63738
5800
9473
66046
965
25083
39245
57373
37902
57783
51116
7902
14201
36464
17752
27985
32626
87205
30656
12799
61740
23002
11590
10164
3419
17343
29309
758
52015
71394
88477
16199
15285
7845
36865
73701
3240
93768
22836
6203
20647
15773
14103
18828
1880
66439
140234
78719
54836
59864
38574
12955
97294
28490
82491
49819
78766
11207
9056
17750
31152
12280
41456
15183
13228
39338
24566
34877
14021
49941
40094
72865
24296
58762
91541
36154
3772
57056
2174
21529
8777
58837
83714
2867
1092
16527
56187
81886
27291
52055
6940
56432
30441
90128
1235
86704
15422
57404
17884
23329
33365
92275
3016
2718
10304
51548
77607
17859
46648
30659
3104
4578
7155
14302
5479
40907
11050
7839
17837
730
440
94489
13079
8208
50280
18616
52723
13416
94059
13313
6728
4543
6548
80
23902
15239
947
31743
19321
3101
14917
74341
77238
2704
41205
58526
78448
142892
1854
52844
1850
12378
91046
41625
86056
62499
98680
42115
4752
10010
87604
92308
64865
7974
8962
3562
94336
27790
8012
48263
50379
73508
44880
38287
61890
79374
17239
8027
43366
8146
23620
12986
38113
3665
55451
20830
70446
35444
38323
15408
50644
16464
87083
18132
2364
30062
28830
43310
87365
70272
16903
75539
51808
16243
84836
50449
50171
49097
77512
11708
3767
2055
48160
57766
80545
14211
28064
27387
81691
52476
77756
13845
60932
6628
99106
12427
6266
1923
28125
13454
34435
3556
20214
59750
82875
2279
37272
35927
48346
32628
28418
17829
89774
66887
13487
89587
4420
85612
15771
28225
1034
11491
64406
19540
16327
5162
58511
36178
32915
74639
7147
56935
40054
6186
44758
10195
142162
44377
1925
51270
59288
806
57312
58023
15215
67015
